0 0.05454545454545454 0.03697478991596639 0.0273972602739726 0.020618556701030927
0 0.11818181818181818 0.03697478991596639 0.0273972602739726 0.020618556701030927
0 0.18181818181818182 0.03697478991596639 0.0273972602739726 0.020618556701030927
0 0.24545454545454545 0.03697478991596639 0.0273972602739726 0.020618556701030927
0 0.3090909090909091 0.03697478991596639 0.0273972602739726 0.020618556701030927
0 0.37272727272727274 0.03697478991596639 0.0273972602739726 0.020618556701030927
0 0.43636363636363634 0.03697478991596639 0.0273972602739726 0.020618556701030927
0 0.5 0.03697478991596639 0.0273972602739726 0.020618556701030927
0 0.5636363636363636 0.03697478991596639 0.0273972602739726 0.020618556701030927
0 0.6272727272727273 0.03697478991596639 0.0273972602739726 0.020618556701030927
0 0.6909090909090909 0.03697478991596639 0.0273972602739726 0.020618556701030927
0 0.7545454545454545 0.03697478991596639 0.0273972602739726 0.020618556701030927
0 0.8181818181818182 0.03697478991596639 0.0273972602739726 0.020618556701030927
0 0.8818181818181818 0.03697478991596639 0.0273972602739726 0.020618556701030927
0 0.9454545454545454 0.03697478991596639 0.0273972602739726 0.020618556701030927
0 0.05454545454545454 0.08571428571428572 0.0273972602739726 0.020618556701030927
0 0.11818181818181818 0.08571428571428572 0.0273972602739726 0.020618556701030927
0 0.18181818181818182 0.08571428571428572 0.0273972602739726 0.020618556701030927
0 0.24545454545454545 0.08571428571428572 0.0273972602739726 0.020618556701030927
0 0.3090909090909091 0.08571428571428572 0.0273972602739726 0.020618556701030927
0 0.37272727272727274 0.08571428571428572 0.0273972602739726 0.020618556701030927
0 0.43636363636363634 0.08571428571428572 0.0273972602739726 0.020618556701030927
0 0.5 0.08571428571428572 0.0273972602739726 0.020618556701030927
0 0.5636363636363636 0.08571428571428572 0.0273972602739726 0.020618556701030927
0 0.6272727272727273 0.08571428571428572 0.0273972602739726 0.020618556701030927
0 0.6909090909090909 0.08571428571428572 0.0273972602739726 0.020618556701030927
0 0.7545454545454545 0.08571428571428572 0.0273972602739726 0.020618556701030927
0 0.8181818181818182 0.08571428571428572 0.0273972602739726 0.020618556701030927
0 0.8818181818181818 0.08571428571428572 0.0273972602739726 0.020618556701030927
0 0.9454545454545454 0.08571428571428572 0.0273972602739726 0.020618556701030927
0 0.05454545454545454 0.13445378151260504 0.0273972602739726 0.020618556701030927
0 0.11818181818181818 0.13445378151260504 0.0273972602739726 0.020618556701030927
0 0.18181818181818182 0.13445378151260504 0.0273972602739726 0.020618556701030927
0 0.24545454545454545 0.13445378151260504 0.0273972602739726 0.020618556701030927
0 0.3090909090909091 0.13445378151260504 0.0273972602739726 0.020618556701030927
0 0.37272727272727274 0.13445378151260504 0.0273972602739726 0.020618556701030927
0 0.43636363636363634 0.13445378151260504 0.0273972602739726 0.020618556701030927
0 0.5 0.13445378151260504 0.0273972602739726 0.020618556701030927
0 0.5636363636363636 0.13445378151260504 0.0273972602739726 0.020618556701030927
0 0.6272727272727273 0.13445378151260504 0.0273972602739726 0.020618556701030927
0 0.6909090909090909 0.13445378151260504 0.0273972602739726 0.020618556701030927
0 0.7545454545454545 0.13445378151260504 0.0273972602739726 0.020618556701030927
0 0.8181818181818182 0.13445378151260504 0.0273972602739726 0.020618556701030927
0 0.8818181818181818 0.13445378151260504 0.0273972602739726 0.020618556701030927
0 0.9454545454545454 0.13445378151260504 0.0273972602739726 0.020618556701030927
0 0.05454545454545454 0.18319327731092436 0.0273972602739726 0.020618556701030927
0 0.11818181818181818 0.18319327731092436 0.0273972602739726 0.020618556701030927
0 0.18181818181818182 0.18319327731092436 0.0273972602739726 0.020618556701030927
0 0.24545454545454545 0.18319327731092436 0.0273972602739726 0.020618556701030927
0 0.3090909090909091 0.18319327731092436 0.0273972602739726 0.020618556701030927
0 0.37272727272727274 0.18319327731092436 0.0273972602739726 0.020618556701030927
0 0.43636363636363634 0.18319327731092436 0.0273972602739726 0.020618556701030927
0 0.5 0.18319327731092436 0.0273972602739726 0.020618556701030927
0 0.5636363636363636 0.18319327731092436 0.0273972602739726 0.020618556701030927
0 0.6272727272727273 0.18319327731092436 0.0273972602739726 0.020618556701030927
0 0.6909090909090909 0.18319327731092436 0.0273972602739726 0.020618556701030927
0 0.7545454545454545 0.18319327731092436 0.0273972602739726 0.020618556701030927
0 0.8181818181818182 0.18319327731092436 0.0273972602739726 0.020618556701030927
0 0.8818181818181818 0.18319327731092436 0.0273972602739726 0.020618556701030927
0 0.9454545454545454 0.18319327731092436 0.0273972602739726 0.020618556701030927
0 0.05454545454545454 0.2319327731092437 0.0273972602739726 0.020618556701030927
0 0.11818181818181818 0.2319327731092437 0.0273972602739726 0.020618556701030927
0 0.18181818181818182 0.2319327731092437 0.0273972602739726 0.020618556701030927
0 0.24545454545454545 0.2319327731092437 0.0273972602739726 0.020618556701030927
0 0.3090909090909091 0.2319327731092437 0.0273972602739726 0.020618556701030927
0 0.37272727272727274 0.2319327731092437 0.0273972602739726 0.020618556701030927
0 0.43636363636363634 0.2319327731092437 0.0273972602739726 0.020618556701030927
0 0.5 0.2319327731092437 0.0273972602739726 0.020618556701030927
0 0.5636363636363636 0.2319327731092437 0.0273972602739726 0.020618556701030927
0 0.6272727272727273 0.2319327731092437 0.0273972602739726 0.020618556701030927
0 0.6909090909090909 0.2319327731092437 0.0273972602739726 0.020618556701030927
0 0.7545454545454545 0.2319327731092437 0.0273972602739726 0.020618556701030927
0 0.8181818181818182 0.2319327731092437 0.0273972602739726 0.020618556701030927
0 0.8818181818181818 0.2319327731092437 0.0273972602739726 0.020618556701030927
0 0.9454545454545454 0.2319327731092437 0.0273972602739726 0.020618556701030927
0 0.05454545454545454 0.280672268907563 0.0273972602739726 0.020618556701030927
0 0.11818181818181818 0.280672268907563 0.0273972602739726 0.020618556701030927
0 0.18181818181818182 0.280672268907563 0.0273972602739726 0.020618556701030927
0 0.24545454545454545 0.280672268907563 0.0273972602739726 0.020618556701030927
0 0.3090909090909091 0.280672268907563 0.0273972602739726 0.020618556701030927
0 0.37272727272727274 0.280672268907563 0.0273972602739726 0.020618556701030927
0 0.43636363636363634 0.280672268907563 0.0273972602739726 0.020618556701030927
0 0.5 0.280672268907563 0.0273972602739726 0.020618556701030927
0 0.5636363636363636 0.280672268907563 0.0273972602739726 0.020618556701030927
0 0.6272727272727273 0.280672268907563 0.0273972602739726 0.020618556701030927
0 0.6909090909090909 0.280672268907563 0.0273972602739726 0.020618556701030927
0 0.7545454545454545 0.280672268907563 0.0273972602739726 0.020618556701030927
0 0.8181818181818182 0.280672268907563 0.0273972602739726 0.020618556701030927
0 0.8818181818181818 0.280672268907563 0.0273972602739726 0.020618556701030927
0 0.9454545454545454 0.280672268907563 0.0273972602739726 0.020618556701030927
0 0.05454545454545454 0.32941176470588235 0.0273972602739726 0.020618556701030927
0 0.11818181818181818 0.32941176470588235 0.0273972602739726 0.020618556701030927
0 0.18181818181818182 0.32941176470588235 0.0273972602739726 0.020618556701030927
0 0.24545454545454545 0.32941176470588235 0.0273972602739726 0.020618556701030927
0 0.3090909090909091 0.32941176470588235 0.0273972602739726 0.020618556701030927
0 0.37272727272727274 0.32941176470588235 0.0273972602739726 0.020618556701030927
0 0.43636363636363634 0.32941176470588235 0.0273972602739726 0.020618556701030927
0 0.5 0.32941176470588235 0.0273972602739726 0.020618556701030927
0 0.5636363636363636 0.32941176470588235 0.0273972602739726 0.020618556701030927
0 0.6272727272727273 0.32941176470588235 0.0273972602739726 0.020618556701030927
0 0.6909090909090909 0.32941176470588235 0.0273972602739726 0.020618556701030927
0 0.7545454545454545 0.32941176470588235 0.0273972602739726 0.020618556701030927
0 0.8181818181818182 0.32941176470588235 0.0273972602739726 0.020618556701030927
0 0.8818181818181818 0.32941176470588235 0.0273972602739726 0.020618556701030927
0 0.9454545454545454 0.32941176470588235 0.0273972602739726 0.020618556701030927
0 0.05454545454545454 0.37815126050420167 0.0273972602739726 0.020618556701030927
0 0.11818181818181818 0.37815126050420167 0.0273972602739726 0.020618556701030927
0 0.18181818181818182 0.37815126050420167 0.0273972602739726 0.020618556701030927
0 0.24545454545454545 0.37815126050420167 0.0273972602739726 0.020618556701030927
0 0.3090909090909091 0.37815126050420167 0.0273972602739726 0.020618556701030927
0 0.37272727272727274 0.37815126050420167 0.0273972602739726 0.020618556701030927
0 0.43636363636363634 0.37815126050420167 0.0273972602739726 0.020618556701030927
0 0.5 0.37815126050420167 0.0273972602739726 0.020618556701030927
0 0.5636363636363636 0.37815126050420167 0.0273972602739726 0.020618556701030927
0 0.6272727272727273 0.37815126050420167 0.0273972602739726 0.020618556701030927
0 0.6909090909090909 0.37815126050420167 0.0273972602739726 0.020618556701030927
0 0.7545454545454545 0.37815126050420167 0.0273972602739726 0.020618556701030927
0 0.8181818181818182 0.37815126050420167 0.0273972602739726 0.020618556701030927
0 0.8818181818181818 0.37815126050420167 0.0273972602739726 0.020618556701030927
0 0.9454545454545454 0.37815126050420167 0.0273972602739726 0.020618556701030927
0 0.05454545454545454 0.426890756302521 0.0273972602739726 0.020618556701030927
0 0.11818181818181818 0.426890756302521 0.0273972602739726 0.020618556701030927
0 0.18181818181818182 0.426890756302521 0.0273972602739726 0.020618556701030927
0 0.24545454545454545 0.426890756302521 0.0273972602739726 0.020618556701030927
0 0.3090909090909091 0.426890756302521 0.0273972602739726 0.020618556701030927
0 0.37272727272727274 0.426890756302521 0.0273972602739726 0.020618556701030927
0 0.43636363636363634 0.426890756302521 0.0273972602739726 0.020618556701030927
0 0.5 0.426890756302521 0.0273972602739726 0.020618556701030927
0 0.5636363636363636 0.426890756302521 0.0273972602739726 0.020618556701030927
0 0.6272727272727273 0.426890756302521 0.0273972602739726 0.020618556701030927
0 0.6909090909090909 0.426890756302521 0.0273972602739726 0.020618556701030927
0 0.7545454545454545 0.426890756302521 0.0273972602739726 0.020618556701030927
0 0.8181818181818182 0.426890756302521 0.0273972602739726 0.020618556701030927
0 0.8818181818181818 0.426890756302521 0.0273972602739726 0.020618556701030927
0 0.9454545454545454 0.426890756302521 0.0273972602739726 0.020618556701030927
0 0.05454545454545454 0.4756302521008403 0.0273972602739726 0.020618556701030927
0 0.11818181818181818 0.4756302521008403 0.0273972602739726 0.020618556701030927
0 0.18181818181818182 0.4756302521008403 0.0273972602739726 0.020618556701030927
0 0.24545454545454545 0.4756302521008403 0.0273972602739726 0.020618556701030927
0 0.3090909090909091 0.4756302521008403 0.0273972602739726 0.020618556701030927
0 0.37272727272727274 0.4756302521008403 0.0273972602739726 0.020618556701030927
0 0.43636363636363634 0.4756302521008403 0.0273972602739726 0.020618556701030927
0 0.5 0.4756302521008403 0.0273972602739726 0.020618556701030927
0 0.5636363636363636 0.4756302521008403 0.0273972602739726 0.020618556701030927
0 0.6272727272727273 0.4756302521008403 0.0273972602739726 0.020618556701030927
0 0.6909090909090909 0.4756302521008403 0.0273972602739726 0.020618556701030927
0 0.7545454545454545 0.4756302521008403 0.0273972602739726 0.020618556701030927
0 0.8181818181818182 0.4756302521008403 0.0273972602739726 0.020618556701030927
0 0.8818181818181818 0.4756302521008403 0.0273972602739726 0.020618556701030927
0 0.9454545454545454 0.4756302521008403 0.0273972602739726 0.020618556701030927
0 0.05454545454545454 0.5243697478991597 0.0273972602739726 0.020618556701030927
0 0.11818181818181818 0.5243697478991597 0.0273972602739726 0.020618556701030927
0 0.18181818181818182 0.5243697478991597 0.0273972602739726 0.020618556701030927
0 0.24545454545454545 0.5243697478991597 0.0273972602739726 0.020618556701030927
0 0.3090909090909091 0.5243697478991597 0.0273972602739726 0.020618556701030927
0 0.37272727272727274 0.5243697478991597 0.0273972602739726 0.020618556701030927
0 0.43636363636363634 0.5243697478991597 0.0273972602739726 0.020618556701030927
0 0.5 0.5243697478991597 0.0273972602739726 0.020618556701030927
0 0.5636363636363636 0.5243697478991597 0.0273972602739726 0.020618556701030927
0 0.6272727272727273 0.5243697478991597 0.0273972602739726 0.020618556701030927
0 0.6909090909090909 0.5243697478991597 0.0273972602739726 0.020618556701030927
0 0.7545454545454545 0.5243697478991597 0.0273972602739726 0.020618556701030927
0 0.8181818181818182 0.5243697478991597 0.0273972602739726 0.020618556701030927
0 0.8818181818181818 0.5243697478991597 0.0273972602739726 0.020618556701030927
0 0.9454545454545454 0.5243697478991597 0.0273972602739726 0.020618556701030927
0 0.05454545454545454 0.573109243697479 0.0273972602739726 0.020618556701030927
0 0.11818181818181818 0.573109243697479 0.0273972602739726 0.020618556701030927
0 0.18181818181818182 0.573109243697479 0.0273972602739726 0.020618556701030927
0 0.24545454545454545 0.573109243697479 0.0273972602739726 0.020618556701030927
0 0.3090909090909091 0.573109243697479 0.0273972602739726 0.020618556701030927
0 0.37272727272727274 0.573109243697479 0.0273972602739726 0.020618556701030927
0 0.43636363636363634 0.573109243697479 0.0273972602739726 0.020618556701030927
0 0.5 0.573109243697479 0.0273972602739726 0.020618556701030927
0 0.5636363636363636 0.573109243697479 0.0273972602739726 0.020618556701030927
0 0.6272727272727273 0.573109243697479 0.0273972602739726 0.020618556701030927
0 0.6909090909090909 0.573109243697479 0.0273972602739726 0.020618556701030927
0 0.7545454545454545 0.573109243697479 0.0273972602739726 0.020618556701030927
0 0.8181818181818182 0.573109243697479 0.0273972602739726 0.020618556701030927
0 0.8818181818181818 0.573109243697479 0.0273972602739726 0.020618556701030927
0 0.9454545454545454 0.573109243697479 0.0273972602739726 0.020618556701030927
0 0.05454545454545454 0.6218487394957983 0.0273972602739726 0.020618556701030927
0 0.11818181818181818 0.6218487394957983 0.0273972602739726 0.020618556701030927
0 0.18181818181818182 0.6218487394957983 0.0273972602739726 0.020618556701030927
0 0.24545454545454545 0.6218487394957983 0.0273972602739726 0.020618556701030927
0 0.3090909090909091 0.6218487394957983 0.0273972602739726 0.020618556701030927
0 0.37272727272727274 0.6218487394957983 0.0273972602739726 0.020618556701030927
0 0.43636363636363634 0.6218487394957983 0.0273972602739726 0.020618556701030927
0 0.5 0.6218487394957983 0.0273972602739726 0.020618556701030927
0 0.5636363636363636 0.6218487394957983 0.0273972602739726 0.020618556701030927
0 0.6272727272727273 0.6218487394957983 0.0273972602739726 0.020618556701030927
0 0.6909090909090909 0.6218487394957983 0.0273972602739726 0.020618556701030927
0 0.7545454545454545 0.6218487394957983 0.0273972602739726 0.020618556701030927
0 0.8181818181818182 0.6218487394957983 0.0273972602739726 0.020618556701030927
0 0.8818181818181818 0.6218487394957983 0.0273972602739726 0.020618556701030927
0 0.9454545454545454 0.6218487394957983 0.0273972602739726 0.020618556701030927
0 0.05454545454545454 0.6705882352941176 0.0273972602739726 0.020618556701030927
0 0.11818181818181818 0.6705882352941176 0.0273972602739726 0.020618556701030927
0 0.18181818181818182 0.6705882352941176 0.0273972602739726 0.020618556701030927
0 0.24545454545454545 0.6705882352941176 0.0273972602739726 0.020618556701030927
0 0.3090909090909091 0.6705882352941176 0.0273972602739726 0.020618556701030927
0 0.37272727272727274 0.6705882352941176 0.0273972602739726 0.020618556701030927
0 0.43636363636363634 0.6705882352941176 0.0273972602739726 0.020618556701030927
0 0.5 0.6705882352941176 0.0273972602739726 0.020618556701030927
0 0.5636363636363636 0.6705882352941176 0.0273972602739726 0.020618556701030927
0 0.6272727272727273 0.6705882352941176 0.0273972602739726 0.020618556701030927
0 0.6909090909090909 0.6705882352941176 0.0273972602739726 0.020618556701030927
0 0.7545454545454545 0.6705882352941176 0.0273972602739726 0.020618556701030927
0 0.8181818181818182 0.6705882352941176 0.0273972602739726 0.020618556701030927
0 0.8818181818181818 0.6705882352941176 0.0273972602739726 0.020618556701030927
0 0.9454545454545454 0.6705882352941176 0.0273972602739726 0.020618556701030927
0 0.05454545454545454 0.719327731092437 0.0273972602739726 0.020618556701030927
0 0.11818181818181818 0.719327731092437 0.0273972602739726 0.020618556701030927
0 0.18181818181818182 0.719327731092437 0.0273972602739726 0.020618556701030927
0 0.24545454545454545 0.719327731092437 0.0273972602739726 0.020618556701030927
0 0.3090909090909091 0.719327731092437 0.0273972602739726 0.020618556701030927
0 0.37272727272727274 0.719327731092437 0.0273972602739726 0.020618556701030927
0 0.43636363636363634 0.719327731092437 0.0273972602739726 0.020618556701030927
0 0.5 0.719327731092437 0.0273972602739726 0.020618556701030927
0 0.5636363636363636 0.719327731092437 0.0273972602739726 0.020618556701030927
0 0.6272727272727273 0.719327731092437 0.0273972602739726 0.020618556701030927
0 0.6909090909090909 0.719327731092437 0.0273972602739726 0.020618556701030927
0 0.7545454545454545 0.719327731092437 0.0273972602739726 0.020618556701030927
0 0.8181818181818182 0.719327731092437 0.0273972602739726 0.020618556701030927
0 0.8818181818181818 0.719327731092437 0.0273972602739726 0.020618556701030927
0 0.9454545454545454 0.719327731092437 0.0273972602739726 0.020618556701030927
0 0.05454545454545454 0.7680672268907563 0.0273972602739726 0.020618556701030927
0 0.11818181818181818 0.7680672268907563 0.0273972602739726 0.020618556701030927
0 0.18181818181818182 0.7680672268907563 0.0273972602739726 0.020618556701030927
0 0.24545454545454545 0.7680672268907563 0.0273972602739726 0.020618556701030927
0 0.3090909090909091 0.7680672268907563 0.0273972602739726 0.020618556701030927
0 0.37272727272727274 0.7680672268907563 0.0273972602739726 0.020618556701030927
0 0.43636363636363634 0.7680672268907563 0.0273972602739726 0.020618556701030927
0 0.5 0.7680672268907563 0.0273972602739726 0.020618556701030927
0 0.5636363636363636 0.7680672268907563 0.0273972602739726 0.020618556701030927
0 0.6272727272727273 0.7680672268907563 0.0273972602739726 0.020618556701030927
0 0.6909090909090909 0.7680672268907563 0.0273972602739726 0.020618556701030927
0 0.7545454545454545 0.7680672268907563 0.0273972602739726 0.020618556701030927
0 0.8181818181818182 0.7680672268907563 0.0273972602739726 0.020618556701030927
0 0.8818181818181818 0.7680672268907563 0.0273972602739726 0.020618556701030927
0 0.9454545454545454 0.7680672268907563 0.0273972602739726 0.020618556701030927
0 0.05454545454545454 0.8168067226890756 0.0273972602739726 0.020618556701030927
0 0.11818181818181818 0.8168067226890756 0.0273972602739726 0.020618556701030927
0 0.18181818181818182 0.8168067226890756 0.0273972602739726 0.020618556701030927
0 0.24545454545454545 0.8168067226890756 0.0273972602739726 0.020618556701030927
0 0.3090909090909091 0.8168067226890756 0.0273972602739726 0.020618556701030927
0 0.37272727272727274 0.8168067226890756 0.0273972602739726 0.020618556701030927
0 0.43636363636363634 0.8168067226890756 0.0273972602739726 0.020618556701030927
0 0.5 0.8168067226890756 0.0273972602739726 0.020618556701030927
0 0.5636363636363636 0.8168067226890756 0.0273972602739726 0.020618556701030927
0 0.6272727272727273 0.8168067226890756 0.0273972602739726 0.020618556701030927
0 0.6909090909090909 0.8168067226890756 0.0273972602739726 0.020618556701030927
0 0.7545454545454545 0.8168067226890756 0.0273972602739726 0.020618556701030927
0 0.8181818181818182 0.8168067226890756 0.0273972602739726 0.020618556701030927
0 0.8818181818181818 0.8168067226890756 0.0273972602739726 0.020618556701030927
0 0.9454545454545454 0.8168067226890756 0.0273972602739726 0.020618556701030927
0 0.05454545454545454 0.865546218487395 0.0273972602739726 0.020618556701030927
0 0.11818181818181818 0.865546218487395 0.0273972602739726 0.020618556701030927
0 0.18181818181818182 0.865546218487395 0.0273972602739726 0.020618556701030927
0 0.24545454545454545 0.865546218487395 0.0273972602739726 0.020618556701030927
0 0.3090909090909091 0.865546218487395 0.0273972602739726 0.020618556701030927
0 0.37272727272727274 0.865546218487395 0.0273972602739726 0.020618556701030927
0 0.43636363636363634 0.865546218487395 0.0273972602739726 0.020618556701030927
0 0.5 0.865546218487395 0.0273972602739726 0.020618556701030927
0 0.5636363636363636 0.865546218487395 0.0273972602739726 0.020618556701030927
0 0.6272727272727273 0.865546218487395 0.0273972602739726 0.020618556701030927
0 0.6909090909090909 0.865546218487395 0.0273972602739726 0.020618556701030927
0 0.7545454545454545 0.865546218487395 0.0273972602739726 0.020618556701030927
0 0.8181818181818182 0.865546218487395 0.0273972602739726 0.020618556701030927
0 0.8818181818181818 0.865546218487395 0.0273972602739726 0.020618556701030927
0 0.9454545454545454 0.865546218487395 0.0273972602739726 0.020618556701030927
0 0.05454545454545454 0.9142857142857143 0.0273972602739726 0.020618556701030927
0 0.11818181818181818 0.9142857142857143 0.0273972602739726 0.020618556701030927
0 0.18181818181818182 0.9142857142857143 0.0273972602739726 0.020618556701030927
0 0.24545454545454545 0.9142857142857143 0.0273972602739726 0.020618556701030927
0 0.3090909090909091 0.9142857142857143 0.0273972602739726 0.020618556701030927
0 0.37272727272727274 0.9142857142857143 0.0273972602739726 0.020618556701030927
0 0.43636363636363634 0.9142857142857143 0.0273972602739726 0.020618556701030927
0 0.5 0.9142857142857143 0.0273972602739726 0.020618556701030927
0 0.5636363636363636 0.9142857142857143 0.0273972602739726 0.020618556701030927
0 0.6272727272727273 0.9142857142857143 0.0273972602739726 0.020618556701030927
0 0.6909090909090909 0.9142857142857143 0.0273972602739726 0.020618556701030927
0 0.7545454545454545 0.9142857142857143 0.0273972602739726 0.020618556701030927
0 0.8181818181818182 0.9142857142857143 0.0273972602739726 0.020618556701030927
0 0.8818181818181818 0.9142857142857143 0.0273972602739726 0.020618556701030927
0 0.9454545454545454 0.9142857142857143 0.0273972602739726 0.020618556701030927
0 0.05454545454545454 0.9630252100840336 0.0273972602739726 0.020618556701030927
0 0.11818181818181818 0.9630252100840336 0.0273972602739726 0.020618556701030927
0 0.18181818181818182 0.9630252100840336 0.0273972602739726 0.020618556701030927
0 0.24545454545454545 0.9630252100840336 0.0273972602739726 0.020618556701030927
0 0.3090909090909091 0.9630252100840336 0.0273972602739726 0.020618556701030927
0 0.37272727272727274 0.9630252100840336 0.0273972602739726 0.020618556701030927
0 0.43636363636363634 0.9630252100840336 0.0273972602739726 0.020618556701030927
0 0.5 0.9630252100840336 0.0273972602739726 0.020618556701030927
0 0.5636363636363636 0.9630252100840336 0.0273972602739726 0.020618556701030927
0 0.6272727272727273 0.9630252100840336 0.0273972602739726 0.020618556701030927
0 0.6909090909090909 0.9630252100840336 0.0273972602739726 0.020618556701030927
0 0.7545454545454545 0.9630252100840336 0.0273972602739726 0.020618556701030927
0 0.8181818181818182 0.9630252100840336 0.0273972602739726 0.020618556701030927
0 0.8818181818181818 0.9630252100840336 0.0273972602739726 0.020618556701030927
0 0.9454545454545454 0.9630252100840336 0.0273972602739726 0.020618556701030927
